{
    "sd_coupling": 2.045964248702486,
    "d_filling_n": -1.8546652437215063,
    "e_conductivity_n": -6.176164007304363e-10,
    "d_filling_mult": 4.561603280461607,
    "constant": -9703.401009214089
}