{
    "sd_coupling": 1.6501526590974436,
    "d_filling_n": -0.8854652178833362,
    "e_conductivity_n": 2.5206645659636706e-09,
    "d_filling_mult": 4.893867525892311,
    "constant": -9703.301959725188
}