{
    "sd_coupling": -0.28242086966633906,
    "d_filling_n": -1.034355163332151,
    "e_conductivity_n": 9.913037501974031e-09,
    "d_filling_mult": 2.834372446779831,
    "constant": -9702.385591760085
}