{
    "sd_coupling": -1.4844638190182877,
    "d_filling_n": 0.06046334219963967,
    "e_conductivity_n": -7.448761607520282e-10,
    "d_filling_mult": 2.9000493156834466,
    "constant": -9701.869329894997
}