{
    "sd_coupling": -0.43789817554012,
    "d_filling_n": -1.4490076388042508,
    "e_conductivity_n": -1.0405216688269547e-09,
    "d_filling_mult": 0.47823199745025935,
    "constant": -9701.934349267312
}