{
    "sd_coupling": 2.890306980381638,
    "d_filling_n": -0.14831757537048418,
    "e_conductivity_n": 2.0054358174093068e-10,
    "d_filling_mult": -0.04250899409368625,
    "constant": -9703.622241020783
}