{
    "sd_coupling": -0.2502884164766783,
    "d_filling_n": -0.6881919102660419,
    "e_conductivity_n": 6.641130312345922e-09,
    "d_filling_mult": 2.0490463916774786,
    "constant": -9702.23736242033
}