{
    "sd_coupling": 1.3625474314944341,
    "d_filling_n": -3.372099060088587,
    "e_conductivity_n": 1.000444171950221e-08,
    "d_filling_mult": -1.98798232127898,
    "constant": -9702.552710073174
}