{
    "sd_coupling": 3.0149717510183223,
    "d_filling_n": -0.5955181495016575,
    "e_conductivity_n": 1.4392185221367981e-09,
    "d_filling_mult": 0.8667998904995748,
    "constant": -9703.546722676394
}