{
    "sd_coupling": -4.260906543042482,
    "d_filling_n": -3.1897550997867214,
    "e_conductivity_n": -2.0003907022596832e-08,
    "d_filling_mult": 4.647866235271173,
    "constant": -9699.645737756713
}