{
    "sd_coupling": -2.866849398063181,
    "d_filling_n": -0.173171333731176,
    "e_conductivity_n": -2.968818080262281e-09,
    "d_filling_mult": 2.3158021285200974,
    "constant": -9700.945307147602
}