{
    "sd_coupling": -3.7802977445949617,
    "d_filling_n": 4.074614300999855,
    "e_conductivity_n": 1.948319550137967e-08,
    "d_filling_mult": -7.772419227849121,
    "constant": 36150.24754922564
}