{
    "sd_coupling": -7.4038537847207415,
    "d_filling_n": -4.532589340833647,
    "e_conductivity_n": -2.786691766232252e-09,
    "d_filling_mult": 6.64577016660574,
    "constant": 36150.34156513299
}