{
    "sd_coupling": 12.756527065682818,
    "d_filling_n": -2.4386813147255504,
    "e_conductivity_n": 7.792550604790449e-09,
    "d_filling_mult": 5.6573208975890035,
    "constant": 36151.714479305
}