{
    "sd_coupling": -1.890092090464199,
    "d_filling_n": -0.6407919258614689,
    "e_conductivity_n": -8.763890946283937e-09,
    "d_filling_mult": 0.15595734898566738,
    "constant": 36150.57560165996
}