{
    "sd_coupling": 6.98220930736043,
    "d_filling_n": 2.213736552289701,
    "e_conductivity_n": -1.9707840692717582e-08,
    "d_filling_mult": -4.95913787755406,
    "constant": 36148.198712591235
}