{
    "sd_coupling": -3.0803281738641175,
    "d_filling_n": 3.742159724101068,
    "e_conductivity_n": 2.173980817588017e-08,
    "d_filling_mult": -6.859959273431286,
    "constant": 36150.392310994284
}