{
    "sd_coupling": 13.458473602718835,
    "d_filling_n": 0.8311994640608253,
    "e_conductivity_n": -1.4826582628302276e-08,
    "d_filling_mult": 2.450191455211563,
    "constant": 36151.961097450076
}