{
    "sd_coupling": 14.476242101249554,
    "d_filling_n": 0.43587921948093644,
    "e_conductivity_n": -4.5483375288313255e-08,
    "d_filling_mult": -0.7577180763906517,
    "constant": 36147.89312129566
}