{
    "sd_coupling": 5.001688891372373,
    "d_filling_n": 0.7521971408246606,
    "e_conductivity_n": -3.868990461342037e-09,
    "d_filling_mult": 0.5843032240100197,
    "constant": 36148.51267342774
}