{
    "sd_coupling": 23.15278407579206,
    "d_filling_n": -1.1018883256422884,
    "e_conductivity_n": -5.03096089232713e-08,
    "d_filling_mult": 2.3859551386358553,
    "constant": 36147.86059834728
}