{
    "sd_coupling": 2.5519242130970388,
    "d_filling_n": 0.45632237758097194,
    "e_conductivity_n": 1.7280399333685637e-09,
    "d_filling_mult": -2.2468429067685785,
    "constant": 36151.1309988236
}