{
    "sd_coupling": -7.0600412795053575,
    "d_filling_n": -0.8777256220241434,
    "e_conductivity_n": -1.548528416606132e-09,
    "d_filling_mult": 0.6435654976050822,
    "constant": 36150.88180509162
}