{
    "sd_coupling": 5.529508934634423,
    "d_filling_n": -0.037440255517299015,
    "e_conductivity_n": -3.963214112445712e-08,
    "d_filling_mult": -0.5322378539980901,
    "constant": 36148.33101584533
}