{
    "sd_coupling": 14.894598198661894,
    "d_filling_n": -2.586460650755616,
    "e_conductivity_n": -2.7920577849727124e-08,
    "d_filling_mult": 2.9120662156385375,
    "constant": 36147.92822988527
}