{
    "sd_coupling": 2.255381136535634,
    "d_filling_n": 1.465442885813402,
    "e_conductivity_n": -1.8335413187742233e-09,
    "d_filling_mult": -1.476687105602101,
    "constant": 36148.93619614229
}