{
    "sd_coupling": -0.24370985629638087,
    "d_filling_n": 0.7212483572552322,
    "e_conductivity_n": 1.496118784416467e-08,
    "d_filling_mult": -0.9720096177066088,
    "constant": 36149.44201639885
}