{
    "sd_coupling": -6.875781342939455,
    "d_filling_n": 0.5240917314089435,
    "e_conductivity_n": 5.162291927263141e-09,
    "d_filling_mult": -0.6318331587932993,
    "constant": 36150.722133998286
}