{
    "sd_coupling": 12.031661152971422,
    "d_filling_n": -2.3426747331022892,
    "e_conductivity_n": 2.0180218954224394e-10,
    "d_filling_mult": 1.971080343388223,
    "constant": 36150.302621882125
}