{
    "sd_coupling": 11.412341487804419,
    "d_filling_n": -0.23401039428252268,
    "e_conductivity_n": 2.6746420189738274e-08,
    "d_filling_mult": -0.5250935730133375,
    "constant": 36147.7435063892
}