{
    "sd_coupling": -3.4756991108489563,
    "d_filling_n": 2.9061624453682184,
    "e_conductivity_n": -1.1994524706793186e-08,
    "d_filling_mult": -4.339373759181354,
    "constant": 36152.23050043368
}