{
    "sd_coupling": 3.7981881263018167,
    "d_filling_n": -0.01245290210083174,
    "e_conductivity_n": -1.4118287816611286e-08,
    "d_filling_mult": 0.9208342131394571,
    "constant": 36148.70398804461
}