{
    "sd_coupling": -2.3602374619194517,
    "d_filling_n": 2.9690879677690307,
    "e_conductivity_n": 1.5044130455277305e-08,
    "d_filling_mult": -5.298487071777988,
    "constant": 36152.53706677077
}