{
    "sd_coupling": 23.794159839610742,
    "d_filling_n": 2.5484613369208398,
    "e_conductivity_n": -1.364572469099044e-09,
    "d_filling_mult": -5.314147117591611,
    "constant": 36151.45317177947
}