{
    "sd_coupling": 14.697270629772769,
    "d_filling_n": 0.1797856010219374,
    "e_conductivity_n": -1.4613760868087411e-08,
    "d_filling_mult": 0.8842712582317829,
    "constant": 36151.43286876895
}