{
    "sd_coupling": -3.8681905845670235,
    "d_filling_n": 0.7933044025506645,
    "e_conductivity_n": 1.6381818568333983e-08,
    "d_filling_mult": -2.7972279922717793,
    "constant": 36150.05472508769
}