{
    "sd_coupling": -4.993219549527039,
    "d_filling_n": -0.8675773334756631,
    "e_conductivity_n": -1.4934812497813255e-08,
    "d_filling_mult": 1.569849791944303,
    "constant": 36151.46979501712
}