{
    "sd_coupling": 5.289060706607631,
    "d_filling_n": -1.7443358277740593,
    "e_conductivity_n": 1.4595684660889674e-09,
    "d_filling_mult": 3.412291114965742,
    "constant": 36151.75524192728
}