{
    "sd_coupling": 20.97518404019127,
    "d_filling_n": -2.330829172919478,
    "e_conductivity_n": -6.513801054097712e-08,
    "d_filling_mult": 2.3783641325195397,
    "constant": 36147.724973731376
}