{
    "sd_coupling": -1.6431157342330318,
    "d_filling_n": 1.7813159171257442,
    "e_conductivity_n": -1.6783748199846742e-09,
    "d_filling_mult": -4.789348089527728,
    "constant": 36150.390001890686
}