{
    "sd_coupling": -7.5534290186228095,
    "d_filling_n": -2.6372290158482663,
    "e_conductivity_n": -4.397406883072108e-09,
    "d_filling_mult": 2.935657771302585,
    "constant": 36151.325870780565
}