{
    "sd_coupling": 0.9610635128066414,
    "d_filling_n": 1.117567830039847,
    "e_conductivity_n": 9.156792657449841e-09,
    "d_filling_mult": -2.8513971635052293,
    "constant": 36149.219782284345
}