{
    "sd_coupling": 6.0744710363217775,
    "d_filling_n": 0.0808711416567216,
    "e_conductivity_n": 1.0328221833333373e-08,
    "d_filling_mult": 0.17881511344535927,
    "constant": 36151.24414338212
}