{
    "sd_coupling": 17.07677531314728,
    "d_filling_n": 4.221746362604736,
    "e_conductivity_n": -1.1436895874794573e-09,
    "d_filling_mult": -6.599349498649401,
    "constant": 36150.97867656561
}