{
    "sd_coupling": 2.137514633369064,
    "d_filling_n": 2.3591559435327936,
    "e_conductivity_n": -1.1792706743430704e-08,
    "d_filling_mult": -4.325652766781223,
    "constant": 36152.186533468775
}