{
    "sd_coupling": 4.788154748776876,
    "d_filling_n": -0.07477995455180775,
    "e_conductivity_n": -1.144871930591762e-08,
    "d_filling_mult": -0.45151489039301773,
    "constant": 36148.43223952603
}