{
    "sd_coupling": 6.098972817632969,
    "d_filling_n": 0.9452400615674392,
    "e_conductivity_n": -2.152410161215812e-08,
    "d_filling_mult": -1.9324163201510358,
    "constant": 36148.45738175778
}