{
    "sd_coupling": 3.7591742659578355,
    "d_filling_n": 1.672705275355541,
    "e_conductivity_n": -0.05482244028959936,
    "d_filling_mult": -6.011621403378835,
    "constant": -4.089135894028037
}