{
    "sd_coupling": 0.13152793954785588,
    "d_filling_n": -1.7037724848991536,
    "e_conductivity_n": 0.43119593021604236,
    "d_filling_mult": -2.4039516562572087,
    "constant": -2.1005610496522142
}