{
    "sd_coupling": 2.2838092270492694,
    "d_filling_n": -1.8783516242821205,
    "e_conductivity_n": -0.14648927826361852,
    "d_filling_mult": -1.733225392721221,
    "constant": -3.6702970151465637
}