{
    "sd_coupling": 2.0747303167525932,
    "d_filling_n": -7.264053192179407,
    "e_conductivity_n": -2.450913057187008,
    "d_filling_mult": 8.33683746422385,
    "constant": -3.926118362106886
}