{
    "sd_coupling": 4.283338837646037,
    "d_filling_n": -0.3330755629178047,
    "e_conductivity_n": -0.15468024679325515,
    "d_filling_mult": -1.4545291477180222,
    "constant": -4.25795160123158
}