{
    "sd_coupling": 1.502614291937387,
    "d_filling_n": 3.467036225889636,
    "e_conductivity_n": -0.010624617710511222,
    "d_filling_mult": -2.3963966040216986,
    "constant": -2.6247203879009704
}