{
    "sd_coupling": 0.709071676675791,
    "d_filling_n": 3.596467655200726,
    "e_conductivity_n": -0.7720895757190791,
    "d_filling_mult": -0.9358795386317985,
    "constant": -2.6188307877433235
}