{
    "sd_coupling": -0.6809246905984915,
    "d_filling_n": 1.7724791036034908,
    "e_conductivity_n": 0.19705602194839344,
    "d_filling_mult": 2.48680550809954,
    "constant": -1.8912122574172545
}