{
    "sd_coupling": -2.9593778151284953,
    "d_filling_n": 9.229146092639741,
    "e_conductivity_n": -0.034445543250670424,
    "d_filling_mult": -5.6020839412739685,
    "constant": -0.0901096878583491
}