{
    "sd_coupling": -2.1464636674277795,
    "d_filling_n": 7.127957544957636,
    "e_conductivity_n": -0.03222358113705786,
    "d_filling_mult": -4.412612459644152,
    "constant": -1.3133081817367258
}