{
    "sd_coupling": -0.0980032851619216,
    "d_filling_n": -2.47559640884842,
    "e_conductivity_n": -0.28272646612520885,
    "d_filling_mult": 1.0601139520417422,
    "constant": -2.204902963661564
}