{
    "sd_coupling": -0.7950593154160607,
    "d_filling_n": 2.8951293359550188,
    "e_conductivity_n": -0.13091722242029047,
    "d_filling_mult": -4.376713528776525,
    "constant": -1.1520335710734857
}