{
    "sd_coupling": -0.4669254564693651,
    "d_filling_n": -2.1883638213520316,
    "e_conductivity_n": -0.018650017740454782,
    "d_filling_mult": 1.713590451685786,
    "constant": -1.9089850278353702
}