{
    "sd_coupling": 3.318533132411216,
    "d_filling_n": 0.8821104700448256,
    "e_conductivity_n": -0.06845338340301065,
    "d_filling_mult": -0.865402755712206,
    "constant": -3.842050036282933
}