{
    "sd_coupling": 2.7876614857859856,
    "d_filling_n": -0.34338730398070894,
    "e_conductivity_n": -7.556855088344869,
    "d_filling_mult": -1.9277532240857886,
    "constant": -4.245281935038892
}