{
    "sd_coupling": 4.348940755686537,
    "d_filling_n": -0.4593007615568486,
    "e_conductivity_n": 0.40218169050145436,
    "d_filling_mult": 1.371188869849493,
    "constant": -4.006630677189048
}