{
    "sd_coupling": 2.152551387610324,
    "d_filling_n": -1.1790760499065738,
    "e_conductivity_n": -1.3505428504504269,
    "d_filling_mult": -1.0397668439256913,
    "constant": -3.525897221561249
}