{
    "sd_coupling": 3.241023300033583,
    "d_filling_n": 2.8338365682614413,
    "e_conductivity_n": 4.512346935606782,
    "d_filling_mult": 1.32684790899894,
    "constant": -3.8875316012115504
}