{
    "sd_coupling": -1.0428718356386923,
    "d_filling_n": 1.9657510834244956,
    "e_conductivity_n": 0.6885616662739581,
    "d_filling_mult": 0.45625108743718495,
    "constant": -1.719945155235861
}