{
    "sd_coupling": -2.442225253042338,
    "d_filling_n": 2.7187841552559586,
    "e_conductivity_n": -0.48051792046841335,
    "d_filling_mult": -2.479040326837367,
    "constant": -0.15653780403758957
}