{
    "sd_coupling": 3.520835163332568,
    "d_filling_n": -2.4973782238584916,
    "e_conductivity_n": -3.1677039985281152,
    "d_filling_mult": 1.6977927638996715,
    "constant": -4.086767965154142
}