{
    "sd_coupling": 0.1435969479597611,
    "d_filling_n": 7.230051881985202,
    "e_conductivity_n": 0.01949651385637841,
    "d_filling_mult": -4.981265856527739,
    "constant": -2.288808124708169
}