{
    "sd_coupling": 1.476562753267703,
    "d_filling_n": -1.8586905133667508,
    "e_conductivity_n": -0.05180269806369128,
    "d_filling_mult": -0.698442340833267,
    "constant": -3.072213919230159
}