{
    "sd_coupling": -1.6219721529306388,
    "d_filling_n": -8.168798892205029,
    "e_conductivity_n": -0.1418898420988496,
    "d_filling_mult": 1.8503924869728927,
    "constant": -1.349454060230551
}