{
    "sd_coupling": 4.352085315552927,
    "d_filling_n": 1.482209261315056,
    "e_conductivity_n": -5.631818567053415e-09,
    "d_filling_mult": -22.5243949712148,
    "constant": -9703.40259336924
}