{
    "sd_coupling": 0.3955969928739289,
    "d_filling_n": -1.6182655892968683,
    "e_conductivity_n": 1.8908856702637422e-09,
    "d_filling_mult": -0.46643302736005166,
    "constant": -9702.188983788486
}