{
    "sd_coupling": -3.9952675370908928,
    "d_filling_n": -0.8948514032827182,
    "e_conductivity_n": 1.8717163546497217e-08,
    "d_filling_mult": 1.3048217825815904,
    "constant": -9699.96988930449
}