{
    "sd_coupling": 1.604949752454914,
    "d_filling_n": -0.9548710196943802,
    "e_conductivity_n": 2.952219801954925e-09,
    "d_filling_mult": 4.567033458480802,
    "constant": -9703.148737807636
}