{
    "sd_coupling": 3.8809445250952592,
    "d_filling_n": 0.43271652220854406,
    "e_conductivity_n": -4.24279278377071e-09,
    "d_filling_mult": -5.28593697392065,
    "constant": -9703.567966487019
}