{
    "sd_coupling": 3.5048769743175967,
    "d_filling_n": 1.7066012295555666,
    "e_conductivity_n": -2.6830093702301383e-09,
    "d_filling_mult": -12.048200751803133,
    "constant": -9703.376001169203
}