{
    "sd_coupling": -1.8593170932389314,
    "d_filling_n": -1.5709454343031444,
    "e_conductivity_n": 1.959651602968438e-08,
    "d_filling_mult": -1.1543186975067372,
    "constant": -9700.826886576431
}