{
    "sd_coupling": -1.0255358678189808,
    "d_filling_n": -1.2262860450737207,
    "e_conductivity_n": -6.193431545398198e-09,
    "d_filling_mult": 2.401322152421521,
    "constant": -9701.699121934293
}