{
    "sd_coupling": 3.702638334301083,
    "d_filling_n": 1.0914577335131141,
    "e_conductivity_n": 8.760712266742132e-09,
    "d_filling_mult": -8.869759132123182,
    "constant": -9703.646961417995
}