{
    "sd_coupling": -2.6905023824393766,
    "d_filling_n": 0.9280964391932258,
    "e_conductivity_n": -3.346940502524376e-10,
    "d_filling_mult": 1.0135192406630331,
    "constant": -9701.236527021325
}