{
    "sd_coupling": 0.6358524540130475,
    "d_filling_n": -1.2577322534444946,
    "e_conductivity_n": 9.847099136095494e-09,
    "d_filling_mult": 4.988656220260493,
    "constant": -9702.839815917541
}