{
    "sd_coupling": -1.3067832471915608,
    "d_filling_n": -0.05505222747737548,
    "e_conductivity_n": 1.4529177860822529e-09,
    "d_filling_mult": 1.8244851107759246,
    "constant": -9701.757199916074
}